row,topic1,topic2,topic3,topic4,topic5
8228.0,0.0514384684227,0.0510001327565,0.795200151988,0.0507326640877,0.0516285827456
13146.0,0.0407021204233,0.0409194832332,0.836636072784,0.0403586538742,0.0413836696857
16303.0,0.0339519146368,0.0336904999906,0.0339210931238,0.0342429677776,0.864193524471
21408.0,0.89804738411,0.0253279029987,0.0254913121613,0.025650066393,0.0254833343374
36312.0,0.726199487902,0.0677045233502,0.068342110261,0.0689247580795,0.0688291204073
37319.0,0.0295181102261,0.0290326998945,0.883164671307,0.0291075013215,0.0291770172513
51754.0,0.0229466167667,0.0225690630845,0.0228425859165,0.0226805068566,0.908961227376
55159.0,0.0227694236299,0.0224269228108,0.909517967382,0.0225936083981,0.022692077779
66580.0,0.0293259942495,0.0289499393359,0.0290585493472,0.0294317193594,0.883233797708
68639.0,0.0686122633095,0.0681508077696,0.0683742634088,0.067866589832,0.72699607568
71214.0,0.0341036903567,0.0339141205287,0.0338552330682,0.520924705618,0.377202250428
75477.0,0.0511294040868,0.0508822092432,0.0509729671101,0.0505577289015,0.796457690658
77695.0,0.0686151980875,0.0681500947457,0.0683584086554,0.067866134269,0.727010164242
79132.0,0.931145825647,0.016899423168,0.0171015618316,0.0177222940439,0.0171308953094
81278.0,0.0229279007787,0.379755670446,0.551877216826,0.0225468013559,0.022892410593
81361.0,0.0513614440873,0.0520450320261,0.0515201492326,0.050757900873,0.794315473781
81497.0,0.0513601172818,0.0519681606671,0.0515186066801,0.0507573490769,0.794395766294
81667.0,0.0512510914389,0.0509151405548,0.0507918868671,0.0505621340454,0.796479747094
82029.0,0.0686330965886,0.0681511175823,0.0683647476885,0.0678667772716,0.726984260869
82498.0,0.86372426138,0.033846649926,0.034302796778,0.0340681339639,0.0340581579518
92938.0,0.0410002581613,0.0413310177552,0.0409984312934,0.366675216953,0.509995075837
92949.0,0.0409679800752,0.0411871654028,0.834754079479,0.0406096556969,0.0424811193462
97721.0,0.883493105467,0.0288406059097,0.0292688916289,0.0289236454267,0.0294737515674
101218.0,0.0686186005697,0.0681506771196,0.0683656682594,0.0678664828085,0.726998571243
114095.0,0.0514725269104,0.0506756855959,0.0510702021959,0.0505626010222,0.796218984276
116087.0,0.020666140842,0.020248885406,0.639527617242,0.29908489153,0.0204724649805
118347.0,0.0292975336541,0.0291562741164,0.883492970594,0.0288744747295,0.0291787469055
120403.0,0.837265216069,0.0405523949648,0.0407366390326,0.040542447627,0.0409033023071
120807.0,0.0339941631372,0.0341038834901,0.0342569920605,0.0337296442939,0.863915317018
121075.0,0.836381657211,0.0409365871315,0.0408427267049,0.0406084222844,0.0412306066681
121204.0,0.836364120164,0.0409368565662,0.04084293879,0.0406085537249,0.0412475307552
121566.0,0.068581713053,0.72539137892,0.0688853698089,0.0676529341508,0.0694886040678
122005.0,0.0346233589233,0.0338595264614,0.86323513272,0.0339001234774,0.034381858418
123002.0,0.941584306965,0.0144752336411,0.0146493153503,0.0146653241083,0.0146258199358
123791.0,0.05130633759,0.0509549094367,0.0510982069894,0.795241539811,0.0513990061727
123834.0,0.0408068251322,0.0412290161155,0.040922636622,0.0404369367253,0.836604585405
124041.0,0.0686124484747,0.0681501204501,0.06836014131,0.0678661427651,0.727011147
124287.0,0.0339943071143,0.0341040655165,0.0342705983611,0.0337297104842,0.863901318524
124668.0,0.0509778422544,0.0507259182442,0.0510118019392,0.0505553772635,0.796729060299
124907.0,0.613254725363,0.0226023886369,0.0227946599346,0.318868960144,0.0224792659219
125179.0,0.0339973690245,0.0338918651427,0.0350353038088,0.0334941586742,0.86358130335
125270.0,0.0342917955368,0.86267156419,0.034676783146,0.0338932183762,0.0344666387514
125681.0,0.0230059266739,0.0225727669952,0.357765718762,0.0227713796988,0.57388420787
125981.0,0.0254490981557,0.0255091376111,0.025557795858,0.266844374047,0.656639594328
126578.0,0.0290465165039,0.0296333780099,0.0293758589907,0.0290153486354,0.88292889786
126620.0,0.685857197639,0.252441401829,0.0205158722067,0.0205820007444,0.0206035275811
126641.0,0.033946788515,0.0336961658245,0.0347919804601,0.0335543913431,0.864010673857
126794.0,0.0292384767907,0.0290490299835,0.0296579685338,0.028883135723,0.883171388969
127035.0,0.0343051988425,0.033992129855,0.863768589239,0.0338999722396,0.0340341098239
127129.0,0.0338451117372,0.863969470122,0.0342132639293,0.0337012472406,0.0342709069707
127189.0,0.0347751220291,0.0340010589215,0.0346931158435,0.0350577263523,0.861472976854
127212.0,0.0338449528319,0.86399118596,0.0342037341605,0.0337011483733,0.0342589786739
127383.0,0.0290465818936,0.0296485751875,0.0293760129198,0.0290154018519,0.882913428147
127834.0,0.0339744188691,0.0337056305937,0.034128746161,0.0335837207216,0.864607483655
127929.0,0.0296984524695,0.029082729231,0.0294214081484,0.881818104491,0.0299793056603
128012.0,0.025594528575,0.0252471689067,0.0252846222859,0.898645684864,0.0252279953686
128057.0,0.025593416167,0.0252471651612,0.0252846180629,0.898646808402,0.025227992207
128914.0,0.388070523568,0.0255096933174,0.0253705912993,0.535293240689,0.0257559511256
129192.0,0.0339971501317,0.0338916877693,0.0349845921716,0.0334941185421,0.863632451385
129728.0,0.863614140994,0.0341533415377,0.034376116143,0.0336704427666,0.0341859585589
129953.0,0.0256096783658,0.0252472172295,0.0252846761024,0.898630392064,0.0252280362385
130156.0,0.0408401580923,0.0405168554341,0.0410449094809,0.0408317973282,0.836766279664
130472.0,0.0346910693048,0.0344054478516,0.0340782634633,0.0344212472592,0.862403972121
131391.0,0.0255943031941,0.0252471681508,0.0252846214386,0.898645912486,0.0252279947306
131494.0,0.0256076869507,0.025247211103,0.0252846693276,0.898632401569,0.0252280310496
131587.0,0.0255963036096,0.0252471748117,0.0252846289244,0.898643892299,0.0252280003549
133463.0,0.883183924128,0.0289936817617,0.0293777676862,0.0293257091838,0.0291189172399
134606.0,0.941592026731,0.0144752170652,0.0146493483401,0.0146576279183,0.014625779945
134689.0,0.882649937599,0.0290979190588,0.0293804935181,0.0289768998697,0.0298947499549
134721.0,0.837209391149,0.0405528691485,0.0407363317854,0.0405429457062,0.0409584622112
135574.0,0.837251289449,0.0405525214683,0.0407361026863,0.0405425880232,0.0409174983731
137803.0,0.837263575569,0.0405524198096,0.0407392043023,0.0405425272051,0.0409022731141
147186.0,0.0339803276141,0.034381224827,0.863569580728,0.0338513423298,0.034217524501
147359.0,0.0290462758068,0.0292995280158,0.883459325555,0.028933361478,0.0292615091438
149445.0,0.0290462762174,0.0293009040713,0.883459338683,0.0289333607967,0.0292601202315
152106.0,0.0685949759124,0.0672274724817,0.0680297130211,0.0671060211891,0.729041817396
153108.0,0.0339814625656,0.0339869509135,0.0339512462837,0.303888535428,0.59419180481
153575.0,0.83647432406,0.0405130700389,0.0413470958551,0.0406413746002,0.0410241354456
154345.0,0.0686860166398,0.0681539037225,0.0683708481918,0.0678681349522,0.726921096494
155403.0,0.837267709577,0.0405523372425,0.0407353004294,0.0405423951394,0.0409022576117
162707.0,0.83725962424,0.0405524547946,0.040736775253,0.0405424969568,0.0409086487555
163440.0,0.864253919608,0.0336364763447,0.0341167146094,0.033585049849,0.0344078395893
163942.0,0.621083573024,0.0410264091785,0.0412290918308,0.25557204462,0.041088881347
164080.0,0.883489595118,0.0291593983238,0.0290118640361,0.0292138297297,0.0291253127926
164526.0,0.0345795289338,0.0340253901533,0.307183775996,0.590014266151,0.0341970387664
169928.0,0.0512289407669,0.0507757614875,0.0515160113384,0.0505655668899,0.795913719517
171682.0,0.586255043215,0.103258340573,0.103258351931,0.102792684203,0.104435580078
174738.0,0.0512293783055,0.0507761433486,0.0515521801646,0.0505658145582,0.795876483623
175294.0,0.0510061067716,0.0510560075112,0.0506408564199,0.796375337276,0.0509216920212
175705.0,0.0512546357382,0.0512198121438,0.0509168091976,0.050560746397,0.796047996523
177394.0,0.614596825712,0.0155857257258,0.015656374177,0.338490578216,0.0156704961697
177502.0,0.0336635476443,0.0340589531483,0.863972955654,0.0335559458241,0.0347485977298
180266.0,0.0292112654643,0.0291275099365,0.0292767005565,0.0288154701117,0.883569053931
180648.0,0.0408300964261,0.0405095559987,0.0411086576653,0.0404135235108,0.837138166399
180720.0,0.721157573938,0.0201597996298,0.217772758991,0.0205195999256,0.0203902675157
180723.0,0.0345369986512,0.033895456204,0.0343541962351,0.303954392501,0.593258956409
180874.0,0.0204350328952,0.0204104631728,0.0204862236201,0.0201895483389,0.918478731973
180949.0,0.0508051377678,0.0517737370641,0.0515582137382,0.0503927209739,0.795470190456
180979.0,0.029055554508,0.0289542039989,0.0294384962488,0.0302479353698,0.882303809874
181032.0,0.0228072660387,0.0237014357644,0.0226091353976,0.0226113179336,0.908270844866
181131.0,0.0226394591897,0.577895427962,0.0228803008097,0.0230714953358,0.353513316702
181702.0,0.101484262338,0.593668197699,0.102402657749,0.100652935563,0.10179194665
181844.0,0.0681751012135,0.727824462433,0.0678272928805,0.0675930972783,0.0685800461951
181996.0,0.0341310218053,0.0341452504514,0.0340749839815,0.0336932680359,0.863955475726
182053.0,0.0339787169935,0.0342859586945,0.863842685591,0.0336690282658,0.0342236104551
182234.0,0.0339786218573,0.0342768426367,0.863852451335,0.0336689930278,0.0342230911434
182288.0,0.0254295220108,0.0257181891252,0.0259221370489,0.0251549981776,0.897775153638
182431.0,0.0513934762263,0.794424596643,0.0516244066867,0.0508263448759,0.051731175568
182515.0,0.0341525073567,0.0340880256037,0.0339752636515,0.0342650484846,0.863519154903
182542.0,0.0675438115627,0.0686268656356,0.72852414661,0.0669866632793,0.0683185129126
182629.0,0.834790325641,0.0416179719822,0.0413660522004,0.0409742846301,0.0412513655467
182656.0,0.0203228771783,0.638613933743,0.0203534438432,0.0207273589218,0.299982386314
182702.0,0.0338557412071,0.0336822460053,0.0340126063287,0.034197814094,0.864251592365
182707.0,0.897344280793,0.0257039724602,0.0256367618711,0.0254597925866,0.0258551922889
182869.0,0.0291432082428,0.0293627139157,0.0291466916705,0.0292004969079,0.883146889263
183501.0,0.0204431450368,0.219041845804,0.0205081973299,0.0205381907046,0.719468621125
183559.0,0.0204889968359,0.452695854842,0.0207871708245,0.485317446241,0.0207105312572
183889.0,0.0514866073326,0.794737608481,0.0512306583953,0.0508255732242,0.0517195525666
183987.0,0.0292438110086,0.523330823645,0.029337851341,0.0293476713053,0.3887398427
184076.0,0.0406995891418,0.0408084746707,0.836755668679,0.0405055923574,0.0412306751515
184145.0,0.0228115316939,0.0225353042108,0.0229735707875,0.0223449004264,0.909334692881
184492.0,0.0339785978794,0.0342740174791,0.863855009454,0.0336689838269,0.0342233913604
184659.0,0.0254764796843,0.0258009961462,0.0257645257166,0.0254935534938,0.897464444959
184759.0,0.0675433085404,0.0686137463384,0.728556501991,0.0669865322843,0.0682999108457
184763.0,0.0336724715721,0.41173778119,0.486586481501,0.0339085106735,0.0340947550635
184777.0,0.0170468639405,0.0169402590566,0.0170332443445,0.0167955291713,0.932184103487
184829.0,0.0170495358332,0.0169415167647,0.0170366789697,0.0167959109148,0.932176357518
185036.0,0.0409305934799,0.0410032071465,0.0411217862252,0.0404274048482,0.8365170083
185315.0,0.0406999641582,0.0404873283083,0.0412790601248,0.0403319726256,0.837201674783
185397.0,0.0254481919262,0.897862281403,0.0257878218329,0.0252047307547,0.0256969740835
185422.0,0.018565259597,0.0185494604109,0.0188247548061,0.0182842056524,0.925776319534
185487.0,0.0409933153901,0.836331184639,0.0409417362362,0.0405304962202,0.0412032675144
185503.0,0.0226600996622,0.0228658149492,0.0228751772115,0.0224059133314,0.909192994846
185505.0,0.0227794723003,0.0227565071552,0.0230949507422,0.0223429960298,0.909026073773
185510.0,0.02032934378,0.0204704090531,0.0204055485808,0.0201570941664,0.91863760442
185549.0,0.0291201986345,0.0290977408784,0.0292788765962,0.0287762173508,0.88372696654
185568.0,0.795243279866,0.0508011967785,0.0512575049676,0.0511099873525,0.0515880310353
185622.0,0.0340504805599,0.0342012606319,0.863844941235,0.0336686132772,0.0342347042958
185623.0,0.793383442765,0.0511916958974,0.0516468746364,0.0520970520156,0.0516809346858
185637.0,0.622573895409,0.0224947991309,0.0227043630457,0.309441160027,0.0227857823874
185696.0,0.0157003542854,0.015722237121,0.0160257019818,0.0155177423526,0.937033964259
185704.0,0.012943910006,0.01303942775,0.948288350947,0.0128438939246,0.0128844173724
185723.0,0.0513208528274,0.0509196909085,0.795327279076,0.050733913199,0.0516982639887
185740.0,0.0408716332333,0.0408537985562,0.0412455947759,0.0404394573899,0.836589516045
185743.0,0.0340614489781,0.863357522499,0.0343365481299,0.0338855250005,0.0343589553928
185769.0,0.863441786949,0.0341798724281,0.0341770006016,0.0340114301208,0.0341899099011
185785.0,0.0184221285449,0.0188832934138,0.0186044071632,0.018434011741,0.925656159137
185790.0,0.30320585611,0.0255030772167,0.620165743503,0.0254239532149,0.0257013699556
185813.0,0.0157416589395,0.0158985305484,0.0156929512041,0.0155505342646,0.937116325043
185834.0,0.033967437059,0.0340881235301,0.0338570610619,0.033965917744,0.864121460605
185863.0,0.0409295742146,0.0405884014827,0.836768804896,0.0404254363401,0.0412877830666
185882.0,0.025436215681,0.0258320887248,0.0259854656068,0.0254206317276,0.89732559826
185943.0,0.0254988425113,0.897832523185,0.025561272384,0.0252498641284,0.0258574977917
185983.0,0.0170214373736,0.0172314486649,0.0171457735926,0.0168187665406,0.931782573828
185988.0,0.0291318903658,0.0292999408963,0.029375166708,0.0292306163689,0.882962385661
185999.0,0.0156629075717,0.0157789993073,0.0158465894942,0.0155869094248,0.937124594202
186011.0,0.0341345695556,0.0346569643947,0.0340089474888,0.0339701532945,0.863229365266
186046.0,0.0339139152882,0.0336913920363,0.0336746592233,0.0335601217565,0.865159911696
186054.0,0.0203721293169,0.0205411414288,0.0205294351443,0.0201464115298,0.91841088258
186061.0,0.513868877419,0.0255570687697,0.409339825648,0.025445665554,0.0257885626095
186062.0,0.367406288757,0.0144768319515,0.588925079962,0.0146505015995,0.01454129773
186065.0,0.836879002536,0.0406258027068,0.0407894492603,0.0407987240401,0.0409070214565
186066.0,0.0292854819693,0.88260876408,0.0293075769299,0.0294839571156,0.0293142199052
186081.0,0.0340567609456,0.034342475583,0.0341079640123,0.0336601390197,0.863832660439
186084.0,0.0409895589828,0.0408135368568,0.040782223251,0.040536267822,0.836878413087
186097.0,0.0292835022525,0.882568624141,0.0293051982676,0.0295286836221,0.0293139917171
186118.0,0.041151272561,0.040356119694,0.836808185414,0.0408032308092,0.0408811915218
186130.0,0.0290321011463,0.0293214166681,0.0291998371447,0.0289776092022,0.883469035839
186169.0,0.0255219633274,0.0257695075219,0.0256514968892,0.0254001646183,0.897656867643
186183.0,0.0226387137253,0.352397847505,0.022562764279,0.0227553097862,0.579645364705
186191.0,0.0226536219438,0.0227345393917,0.909360495889,0.0224486699297,0.0228026728457
186195.0,0.0225561906465,0.0230169427606,0.0227260867727,0.022484603017,0.909216176803
186196.0,0.897759371869,0.0253023391751,0.025606087419,0.025770908327,0.0255612932096
186199.0,0.0338234160391,0.0337954100988,0.0337467753238,0.0335871622111,0.865047236327
186232.0,0.0157416706778,0.0159015586062,0.0156929605478,0.0155505382091,0.937113271959
186263.0,0.0255250914016,0.025910848014,0.897385431823,0.0252072400728,0.025971388689
186265.0,0.0226934526384,0.022805195273,0.022741979632,0.0225366245221,0.909222747934
186289.0,0.0185652734785,0.0185494738289,0.018828577663,0.0182842082264,0.925772466803
186297.0,0.0204065640019,0.435617246935,0.0205516614395,0.020152068657,0.503272458967
186318.0,0.0513265696665,0.0509189462455,0.79539908782,0.0507333838679,0.0516220124
186320.0,0.0290955309027,0.0291255982944,0.0295034577185,0.0287778111219,0.883497601963
186345.0,0.0253716828205,0.0255599993686,0.89823831863,0.0251751383332,0.025654860848
186361.0,0.0226108793849,0.0227843703744,0.909448624389,0.0225113281695,0.0226447976824
186374.0,0.0291440220617,0.0293850716839,0.0293655985344,0.0290592670778,0.883046040642
186422.0,0.0509909099644,0.0507734414095,0.0509866652878,0.051403877811,0.795845105527
186424.0,0.0292831684829,0.882599423645,0.0293049793501,0.0294988347915,0.0293135937302
186426.0,0.0338923916543,0.0340786410132,0.0341364660856,0.0338912302528,0.864001270994
186461.0,0.0290490054833,0.0288773349286,0.0291581452844,0.0291520494994,0.883763464804
186472.0,0.0292059119436,0.0293190977908,0.0293950421398,0.0288658620456,0.88321408608
186479.0,0.0342836009324,0.0341110426911,0.0342959408305,0.0344021567266,0.862907258819
186486.0,0.0186346800826,0.0185182908085,0.925824917151,0.018414579879,0.0186075320791
186501.0,0.0225931014582,0.273211912731,0.0225551977852,0.0227597423357,0.65888004569
186505.0,0.0185653164951,0.0185495155746,0.0188412082961,0.0182842165702,0.925759743064
186512.0,0.0170227536495,0.0170708740475,0.0172772886248,0.0167676431274,0.931861440551
186515.0,0.0160123375862,0.0160665480623,0.93626414677,0.0158346710801,0.0158222965013
186520.0,0.0410427653257,0.0407469228161,0.383629402316,0.0406340822206,0.493946827322
186567.0,0.0226752104082,0.0225145873879,0.360557517046,0.571425795271,0.0228268898876
186569.0,0.882881976339,0.0294419842373,0.0293035324043,0.0290734330909,0.0292990739281
186570.0,0.0411638995754,0.0406062570572,0.0420037738839,0.0403340283108,0.835892041173
186577.0,0.908828555943,0.0224831690051,0.0232320780045,0.022747579227,0.02270861782
186592.0,0.0291439611535,0.883183580609,0.0292748805684,0.0291298541852,0.0292677234836
186596.0,0.10279652696,0.102067805148,0.102835982189,0.101508016746,0.590791668957
186646.0,0.0686221967115,0.0681503364569,0.0683588798522,0.0678663127685,0.727002274211
186657.0,0.0185652964844,0.0185494961283,0.0188351968983,0.018284212628,0.925765797861
186666.0,0.017087942866,0.0172731786019,0.0170120280687,0.016854049759,0.931772800704
186674.0,0.0337639934444,0.864181016964,0.0340536905106,0.0335139372566,0.0344873618239
186677.0,0.0408785953559,0.041182771999,0.0414218925195,0.0405490485155,0.83596769161
186718.0,0.0293205470511,0.0289008305642,0.0299113507115,0.0288498301442,0.883017441529
186732.0,0.0513185945767,0.0514423798672,0.050943039242,0.0506901654458,0.795605820868
186734.0,0.0411278993137,0.0408473183703,0.0411929733159,0.835379562129,0.0414522468714
186735.0,0.0292669318398,0.0296860182657,0.881831017437,0.0296146262031,0.0296014062544
186739.0,0.0341096518712,0.0339847162705,0.0340479162494,0.863553700955,0.0343040146544
186742.0,0.0338759360547,0.0336886013852,0.0339319664217,0.03425621457,0.864247281568
186747.0,0.0186278487773,0.0188028769107,0.018566151511,0.0183043987451,0.925698724056
186748.0,0.0256772392458,0.0258268504939,0.672088493407,0.250398472256,0.0260089445965
186758.0,0.0340122321447,0.539825133026,0.0339734577025,0.0340270803966,0.358162096731
186770.0,0.0256029537546,0.0257114961721,0.897496918673,0.0253878095366,0.0258008218637
186781.0,0.606249271245,0.0135113124389,0.352974706994,0.0136708938384,0.0135938154843
186785.0,0.0338264641248,0.0345785369412,0.0340390320518,0.0336464317634,0.863909535119
186793.0,0.0204517377318,0.0204342759899,0.0206889073315,0.0201030387121,0.918322040235
186798.0,0.0169811848244,0.0172392933468,0.0171546568104,0.0168378418687,0.93178702315
186846.0,0.564750687979,0.0338954944346,0.333283429747,0.0339346665322,0.0341357213071
186875.0,0.0205452468116,0.396358631589,0.0205378961773,0.0203665479022,0.54219167752
186889.0,0.029192502708,0.881859183196,0.0293392687979,0.0299949444026,0.0296141008951
186893.0,0.0407182471181,0.836343911328,0.0412112054818,0.0405743039938,0.0411523320782
186899.0,0.0341181966361,0.363910305552,0.0340056784273,0.0337698878698,0.534195931515
186902.0,0.0340515024957,0.248597550915,0.0338747666366,0.0336063503433,0.64986982961
186912.0,0.0290170591551,0.0294913697416,0.0292862543516,0.0287760671635,0.883429249588
186922.0,0.0256001103181,0.0253830324557,0.897817659659,0.0257445046465,0.0254546929207
186949.0,0.01856537293,0.0185495706116,0.0188592711348,0.0182842281386,0.925741557185
186978.0,0.0297190537616,0.0288759850119,0.882598524256,0.0295314316352,0.0292750053349
187002.0,0.0185652721796,0.0185494725721,0.0188282141488,0.0182842079827,0.925772833117
187049.0,0.0290318428514,0.0289691296861,0.0294634239151,0.0287421723305,0.883793431217
187057.0,0.0292915934542,0.882593306423,0.029308132233,0.029480817067,0.0293261508226
187087.0,0.022680493879,0.0227533835247,0.0231850980238,0.0223789366385,0.909002087934
187089.0,0.0253251551146,0.0255306200887,0.0258294921368,0.0265336112237,0.896781121436
187094.0,0.0230735430697,0.0225148895392,0.223006735908,0.0228385636748,0.708566267808
187116.0,0.0507844364514,0.794970430363,0.0519407313083,0.0507401357379,0.0515642661396
187157.0,0.0170496730971,0.0171791213552,0.017168991992,0.0168350889073,0.931767124648
187169.0,0.0202862347714,0.0206498829916,0.0204948528538,0.0202317755719,0.918337253811
187170.0,0.0340981694965,0.337421102347,0.0343495649382,0.0338253408323,0.560305822385
187173.0,0.0340112043942,0.0342119272942,0.86373679891,0.0337219609036,0.0343181084979
187177.0,0.0290655864093,0.0295786385817,0.408095770324,0.503856549143,0.0294034555419
187186.0,0.0185652623297,0.0185494630498,0.0188254961611,0.0182842061535,0.925775572306
187213.0,0.0408716607308,0.0408538232491,0.0412476835064,0.0404394677589,0.836587364755
187219.0,0.0336940484883,0.0340492864126,0.864362988931,0.0335532198751,0.0343404562927
187225.0,0.0292844449618,0.882564672917,0.0293199954004,0.0295114038397,0.0293194828811
187253.0,0.0185172151538,0.924717568791,0.0188922507328,0.0190040761485,0.0188688891744
187271.0,0.0510942831927,0.0508401606689,0.0508751141139,0.0510226114127,0.796167830612
187289.0,0.0340370553841,0.0339143640568,0.0343981613129,0.0336236297023,0.864026789544
187311.0,0.0203152717772,0.0203200643403,0.0205733838722,0.0208273043665,0.917963975644
187318.0,0.0337972420763,0.0338993137615,0.864288795287,0.0335494302325,0.0344652186431
187328.0,0.863937392455,0.033761977341,0.0340085416246,0.0341737475139,0.0341183410657
187331.0,0.0682374773954,0.0679381669279,0.0685931069156,0.474778876678,0.320452372083
187341.0,0.0202673503491,0.0205194794457,0.792015280219,0.146599684635,0.020598205351
187352.0,0.0253250757956,0.0255304878195,0.025829240178,0.0264736577592,0.896841538448
187366.0,0.0226302598043,0.0229888029846,0.0228322067123,0.0230926882107,0.908456042288
187369.0,0.0185250368601,0.0186920048462,0.925385585055,0.0186268269373,0.0187705463013
187373.0,0.0255798670046,0.897501636389,0.0256852537887,0.0252650542185,0.025968188599
187380.0,0.0205423235786,0.0207648901485,0.0204526536653,0.0201504229289,0.918089709679
187390.0,0.0253251661644,0.0255306382172,0.0258295259385,0.0265422456839,0.896772423996
187394.0,0.0412653391608,0.0406368489252,0.041189223337,0.0409145079567,0.83599408062
187397.0,0.0227847556904,0.908938917808,0.0227663484544,0.0226297997487,0.022880178298
187406.0,0.050941559575,0.0509843549582,0.0507636986183,0.0505539887598,0.796756398089
187409.0,0.02532506911,0.0255304764622,0.0258292179717,0.0264687740603,0.896846462396
187420.0,0.0185930612414,0.26161086726,0.018644411486,0.0183587286231,0.68279293139
187423.0,0.0224847367789,0.022879379613,0.0228891323305,0.023505483304,0.908241267974
187425.0,0.0405130863753,0.0403012855593,0.0409616509606,0.0409201211067,0.837303855998
187432.0,0.0225414735296,0.0228176004896,0.0229768746081,0.0233522803117,0.908311771061
187433.0,0.0185652547439,0.018549455728,0.0188234527006,0.0182842047698,0.925777632058
187440.0,0.023078074682,0.0227459216923,0.908144740098,0.0230470422585,0.0229842212691
187444.0,0.0292298737582,0.0301862220579,0.0292295090819,0.0289062955178,0.882448099584
187446.0,0.0291439427833,0.883179502393,0.0292786204409,0.0291298751543,0.029268059228
187453.0,0.0679690675204,0.0677448354209,0.0677177812786,0.067525761402,0.729042554378
187460.0,0.0289834952992,0.0291839867222,0.0297122650467,0.0300435628958,0.882076690036
187466.0,0.0413214228643,0.0408521547404,0.0410996732696,0.835260879653,0.0414658694726
187475.0,0.0205422854063,0.0207571232344,0.0204526243566,0.0201504153454,0.918097551657
187495.0,0.0339177549982,0.0344036645172,0.0342533512264,0.0335662074426,0.863859021816
187499.0,0.025666998588,0.304170914926,0.0255241422048,0.0252647412374,0.619373203043
187526.0,0.0253784850373,0.0256783027209,0.0255528928385,0.0256147246269,0.897775594776
187527.0,0.0509685502871,0.0507797583357,0.0509673517716,0.050554365072,0.796729974533
187534.0,0.836809819812,0.0407361911905,0.0408264202833,0.0407023908129,0.0409251779012
187537.0,0.0205422150581,0.0207438182066,0.0204525710192,0.0201504020609,0.918110993655
187549.0,0.0341450760919,0.0338263904406,0.863073377639,0.0346907588332,0.0342643969949
187574.0,0.0226083221725,0.437439733096,0.0229050110572,0.0223852761844,0.49466165749
187575.0,0.0253250661583,0.025530471435,0.0258292081034,0.0264666266959,0.896848627607
187614.0,0.051136452533,0.0523371563799,0.792295851604,0.0521709927447,0.0520595467386
187619.0,0.0253250533462,0.0255304495154,0.0258291647677,0.0264573702465,0.896857962124
187622.0,0.0225687705326,0.0226719298569,0.0228616233679,0.0234654701363,0.908432206106
187627.0,0.0686437963092,0.0681513290469,0.0683607100999,0.0678668782404,0.726977286304
187635.0,0.0160209498555,0.01567944632,0.936808356857,0.0157168816607,0.0157743653065
187638.0,0.0256264033237,0.025835282221,0.0257415850521,0.025750956044,0.897045773359
187643.0,0.0510869519579,0.0508383222157,0.0508730713469,0.0509937658893,0.79620788859
187651.0,0.837154389276,0.040509733161,0.0409108723046,0.0406643167779,0.0407606884801
187652.0,0.0226165089952,0.0229043453909,0.0230462310023,0.0225788510978,0.908854063514
187664.0,0.0253486835928,0.0255186283014,0.897851589993,0.0256531275221,0.025627970591
187680.0,0.029267471855,0.209421426469,0.0290844024194,0.0288087531671,0.703417946089
187713.0,0.0343106662969,0.0339972223087,0.0342571603017,0.862865331372,0.0345696197212
187769.0,0.0203432102647,0.0204717590747,0.0206111512009,0.0202087745668,0.918365104893
187780.0,0.0254307359825,0.0254808104002,0.898302796821,0.0252417680448,0.0255438887515
187795.0,0.0205422048651,0.0207420138534,0.020452563386,0.0201504002269,0.918112817669
187797.0,0.0341486674331,0.392285342392,0.0340987810965,0.0336463434343,0.505820865644
187809.0,0.0253251111356,0.0255305472625,0.0258293547356,0.0264999210821,0.896815065784
187819.0,0.0253251626959,0.0255306325336,0.0258295153565,0.0265395281653,0.896775161249
187825.0,0.0682281577782,0.0675993587967,0.0679581100259,0.0683863827164,0.727827990683
187838.0,0.0226883223903,0.0228678760257,0.436315379927,0.0223833157593,0.495745105897
187842.0,0.0515541950355,0.79423534733,0.0512165776675,0.0510850196349,0.0519088603325
187846.0,0.040775302494,0.0404661596493,0.0410720470056,0.040436985301,0.83724950555
187848.0,0.0255297197093,0.0259337411357,0.33534372441,0.0252167382493,0.587976076496
187850.0,0.0289834773959,0.0291839564332,0.0297067328896,0.0300434157404,0.882082417541
187869.0,0.0509421121141,0.0509753659735,0.0507634983745,0.0505538824795,0.796765141058
187872.0,0.0253251060131,0.0255305387024,0.0258293383904,0.0264960685481,0.896818948346
187873.0,0.0205423711765,0.0207416479691,0.0204525638883,0.020150400113,0.918113016853
187878.0,0.0187879121283,0.0185506953731,0.0189248353465,0.924942426952,0.0187941302003
187883.0,0.02532513693,0.0255305901131,0.0258294359144,0.026519548866,0.896795288176
187897.0,0.0342580279419,0.0339483587875,0.0340709623895,0.863482839885,0.0342398109958
187904.0,0.0185652936159,0.0185494933442,0.018834353809,0.0182842120711,0.92576664716
187918.0,0.0185498348605,0.925552964837,0.0185818509457,0.01855126476,0.0187640845964
187955.0,0.0336785468024,0.0341329869823,0.864327324307,0.0335521279405,0.0343090139677
187988.0,0.0253250950839,0.0255305203782,0.0258293032405,0.0264879002312,0.896827181066
187996.0,0.918130123669,0.0203046815132,0.0206490865556,0.0204569475302,0.0204591607324
188002.0,0.0254524990276,0.0255609766703,0.0256297119124,0.0251137814296,0.89824303096
188013.0,0.0225644085125,0.0226976800967,0.0229429842101,0.0234321543853,0.908362772795
188048.0,0.0409771141267,0.0413402340641,0.835907101916,0.040515554465,0.0412599954285
188049.0,0.0228266759988,0.0224528313892,0.909317580379,0.0227922127464,0.0226106994861
188050.0,0.0225239094578,0.0226465453094,0.0228937803129,0.279032796127,0.652902968793
188052.0,0.022676242568,0.0227949877773,0.0229720082192,0.214819375184,0.716737386251
188062.0,0.91756533272,0.0203351474735,0.0207399190476,0.0209036367568,0.0204559640022
188074.0,0.0510581433324,0.0508429289462,0.0516121484857,0.0507493829648,0.795737396271
188089.0,0.0230785346373,0.0227459175885,0.908145314296,0.023047030973,0.0229832025051
188096.0,0.0514382963771,0.0506751503319,0.0508519060506,0.0505651048771,0.796469542363
188099.0,0.0340757748939,0.0343540268885,0.0344302808484,0.0336948402465,0.863445077123
188110.0,0.0202856713164,0.0205974631402,0.0206306423035,0.0210793106948,0.917406912545
188132.0,0.0513166889277,0.050919300085,0.795359511932,0.0507336490943,0.0516708499612
188141.0,0.0205422695536,0.0207540047674,0.0204526122509,0.0201504122669,0.918100701161
188144.0,0.025535007195,0.0257985750594,0.0255970778544,0.0260658215086,0.897003518383
188146.0,0.0339467791298,0.0340101746722,0.0342266351133,0.0335436634007,0.864272747684
188164.0,0.0290568999426,0.0292494766916,0.883512507863,0.0288448290519,0.0293362864508
188174.0,0.0226239708661,0.0226549960079,0.022794800893,0.0223988729616,0.909527359271
188182.0,0.033950046363,0.863217485089,0.0343545064509,0.0339690541992,0.0345089078981
188183.0,0.0517695695455,0.0513989385641,0.0517259904824,0.79271570157,0.0523897998382
188194.0,0.0254095648837,0.0256252104749,0.532261438903,0.0258331223558,0.390870663383
188199.0,0.0404510773848,0.0405016421656,0.838010177298,0.0402405549582,0.040796548193
188200.0,0.0205422571343,0.020751608513,0.0204526027993,0.0201504098873,0.918103121666
188201.0,0.0170837813337,0.0171783883613,0.0170488728001,0.0168208155571,0.931868141948
188207.0,0.0340129882489,0.863676539987,0.0344002862179,0.0336811139708,0.0342290715758
188224.0,0.795577562135,0.0510046947367,0.0511638849876,0.0506494256839,0.0516044324571
188229.0,0.0513577946594,0.0508322623236,0.0509970290391,0.0507079510341,0.796104962944
188230.0,0.0204585981345,0.0205505593666,0.917977926947,0.0201619723186,0.0208509432329
188232.0,0.0185244240055,0.0187062748026,0.564519714827,0.0184638606094,0.379785725755
188234.0,0.0295905775141,0.717168645344,0.0293179182253,0.0296716704954,0.194251188421
188235.0,0.0291058930156,0.029435501623,0.029549398904,0.0289176731478,0.88299153331
188241.0,0.0509610939359,0.0505228346505,0.0514491369615,0.0505442799899,0.796522654462
188245.0,0.0339617398076,0.0342695718627,0.863726437657,0.0337223535074,0.0343198971652
188246.0,0.0254687950513,0.897900904718,0.0255790146673,0.0254502767016,0.0256010088621
188249.0,0.0292565403303,0.297090503076,0.0295771588401,0.0288544028967,0.615221394857
188254.0,0.0685992638261,0.0681520339025,0.0683734246359,0.0678663363753,0.72700894126
188259.0,0.0337049114271,0.864036440136,0.0338721629832,0.0340950721834,0.0342914132705
188262.0,0.0137517855594,0.0134686728861,0.945564232623,0.0136999693455,0.0135153395856
188272.0,0.0409122805493,0.0405918506444,0.836847828078,0.0405041113104,0.0411439294174
188277.0,0.0292284807023,0.029347949782,0.0295499933208,0.0297381488978,0.882135427297
188282.0,0.0509945453183,0.0515435673911,0.0515595509153,0.0503985115585,0.795503824817
188283.0,0.0408525327752,0.0411088806925,0.0414041557586,0.0404409185747,0.836193512199
188284.0,0.0289836101404,0.0291841761635,0.0297495979756,0.0300443848127,0.882038230908
188285.0,0.0184198760741,0.925376801094,0.0188362663483,0.0185503094842,0.0188167469996
188290.0,0.0340980937932,0.0345634379075,0.0341103912162,0.0339718668995,0.863256210184
188293.0,0.795291205033,0.050800709777,0.0512548791326,0.0511090908923,0.0515441151647
188306.0,0.653012041963,0.0340281041673,0.0344586923285,0.24426057521,0.0342405863309
188312.0,0.0203325408452,0.0204901717896,0.0206686774139,0.0207170503561,0.917791559595
188319.0,0.0342227866647,0.0341471557844,0.0340363487428,0.0336233608997,0.863970347908
188324.0,0.0341580316379,0.0337583220185,0.0338864577718,0.0336754033427,0.864521785229
188326.0,0.0512669506909,0.0509204979583,0.795387829651,0.0507308745984,0.0516938471013
188334.0,0.0292017045477,0.0292160012388,0.0293453418136,0.0288718444217,0.883365107978
188340.0,0.033961993551,0.0342700773787,0.863693770526,0.0337224805531,0.0343516779911
188348.0,0.0341480272856,0.0343561791119,0.0344238998542,0.0336248886746,0.863447005074
188379.0,0.945137816711,0.0135730056721,0.0138049012884,0.0137667695202,0.0137175068087
188380.0,0.0184221267849,0.0188822851652,0.0186044030832,0.0184340100302,0.925657174937
188383.0,0.0409702339519,0.0409461465434,0.835913912924,0.0405514125215,0.0416182940587
188384.0,0.0340648423291,0.0337713813299,0.289139213603,0.0338455326937,0.609179030045
188391.0,0.0343392424826,0.0338205286744,0.0340321936163,0.0341435949489,0.863664440278
188399.0,0.90790580183,0.023205328458,0.0230724865699,0.0227910407428,0.0230253423995
188400.0,0.0255347991853,0.0257924296478,0.0255970774462,0.0260724376481,0.897003256073
188404.0,0.0410014255609,0.835383775442,0.0413177656089,0.0407998396063,0.0414971937821
188408.0,0.033941676685,0.863750191577,0.0344896941084,0.0336458697678,0.0341725678618
188418.0,0.0510339054385,0.0508092722954,0.0511384741659,0.0520402595451,0.794978088555
188429.0,0.0293046669859,0.0290362820345,0.0291778620421,0.0289093562983,0.883571832639
188432.0,0.0516065227581,0.0513368037938,0.050900466214,0.0505627446254,0.795593462609
188436.0,0.908515674276,0.0226764114668,0.0227196770368,0.0231543047567,0.0229339324637
188440.0,0.0226440439866,0.0231569694378,0.0227129913793,0.023143600902,0.908342394294
188446.0,0.0255626541344,0.0257801120967,0.0257089427901,0.0262995104581,0.896648780521
188463.0,0.0256029583456,0.0257115026273,0.897496358912,0.0253878117533,0.0258013683619
188467.0,0.0255390498477,0.0252791986434,0.0254565071388,0.0255044240041,0.898220820366
188507.0,0.426374714043,0.0202457645589,0.0205021061281,0.512540362154,0.020337053116
188514.0,0.0407855282994,0.0408795475573,0.836764073442,0.0404254110027,0.0411454396985
188529.0,0.0337390181522,0.0339692199175,0.0342002282697,0.0334869079881,0.864604625673
188535.0,0.0341537848452,0.0337582975534,0.0338864336333,0.0336753848249,0.864526099143
188543.0,0.0226888645152,0.0226887908964,0.0231668059748,0.0225061502029,0.908949388411
188545.0,0.0290087030515,0.883220934077,0.0290955052718,0.0292364102678,0.0294384473318
188550.0,0.0339393021964,0.0341281116438,0.863826863282,0.0337225038957,0.0343832189818
188566.0,0.034147494453,0.034368317692,0.0343662144279,0.0336247679348,0.863493205492
188592.0,0.0410408076709,0.303388061277,0.0405373780276,0.0402707976268,0.574762955397
188600.0,0.0409776271064,0.0413786362339,0.835867182678,0.040515751648,0.041260802334
188629.0,0.0341688244787,0.0337502768603,0.0339778761295,0.0338277911398,0.864275231392
188640.0,0.338677701311,0.509478891655,0.0509481100251,0.0501781976698,0.0507170993394
188643.0,0.0254726070224,0.0257861464036,0.289694927808,0.0255229229965,0.63352339577
188648.0,0.0516045902074,0.793778170439,0.051597011576,0.0509280627211,0.0520921650566
188650.0,0.0225592206644,0.0228216434176,0.734902697533,0.196837484273,0.0228789541114
188652.0,0.0409287062989,0.0403986429433,0.040510151346,0.0403316878666,0.837830811545
188654.0,0.836581645378,0.0406050265811,0.0412628399684,0.0405564993551,0.0409939887171
188655.0,0.0203876858764,0.020587871704,0.0204477223714,0.0202670720028,0.918309648045
188656.0,0.0253250551536,0.0255304526179,0.0258291709341,0.0264586696392,0.896856651655
188673.0,0.0185497876225,0.925566931051,0.0185817924768,0.0185512073994,0.01875028145
188676.0,0.0292063891207,0.0292756655019,0.883019042268,0.0290850220905,0.0294138810189
188682.0,0.925732916147,0.0184256915325,0.018511824374,0.0187779707738,0.0185515971724
188684.0,0.029345330879,0.882432563168,0.0295435002252,0.0293094801079,0.0293691256202
188688.0,0.029225418047,0.299323603826,0.0293238617709,0.0288915083611,0.613235607995
188696.0,0.0291154697485,0.0294055297716,0.0296191203174,0.0288680346894,0.882991845473
188699.0,0.0291834357946,0.0288597888329,0.0290735219219,0.0288226598859,0.884060593565
188702.0,0.0339637429173,0.0340711815431,0.863273953036,0.0343182049591,0.0343729175449
188713.0,0.0253357581367,0.0254699599139,0.586264438601,0.0258104673513,0.337119375997
188714.0,0.0675295924364,0.728333597697,0.0692412917392,0.0668770468826,0.0680184712449
188717.0,0.0205422672786,0.0207535626612,0.0204526105172,0.0201504118288,0.918101147714
188720.0,0.882808355553,0.029023655065,0.0293537627142,0.0297760774917,0.0290381491758
188724.0,0.0518607328314,0.0513018011213,0.051924039185,0.0531412098069,0.791772217055
188731.0,0.0227910546576,0.0231776096827,0.0228132487487,0.0224218884394,0.908796198472
188733.0,0.0226081078782,0.371464077857,0.560263618793,0.0228933969899,0.0227707984816
188734.0,0.0290832576106,0.0293815730778,0.0293205865092,0.0287907215914,0.883423861211
188737.0,0.0203876481539,0.0205805599425,0.0204476761502,0.0202670518589,0.918317063894
188746.0,0.0170109854151,0.0170451157796,0.0170136464817,0.0168468921142,0.932083360209
188747.0,0.0407780179912,0.0409251385513,0.0412731945039,0.0403175428546,0.836706106099
188758.0,0.0185653027805,0.0185495022423,0.0188370641417,0.0182842138579,0.925763916978
188764.0,0.0410604728541,0.0411752734277,0.040992707158,0.0405248773975,0.836246669163
188774.0,0.0253738059785,0.0254608949914,0.0253697282516,0.898240796836,0.025554773943
188779.0,0.0510152616264,0.0507344620784,0.0516970022604,0.0505637535542,0.795989520481
188782.0,0.025452485181,0.89789081431,0.0255450759954,0.0255235018187,0.0255881226951
188785.0,0.06867267241,0.0681524540722,0.0683675561452,0.0678677224137,0.726939594959
188787.0,0.0254537829184,0.0256268423149,0.0258811179579,0.0252289562914,0.897809300517
188788.0,0.0339319402168,0.0340181292305,0.0345216289452,0.0336857749962,0.863842526611
188791.0,0.0508999284878,0.0516314035625,0.0512224909052,0.0503913546215,0.795854822423
188792.0,0.0338759406942,0.0338687038445,0.0340332471117,0.0336199671848,0.864602141165
188799.0,0.0255262922783,0.0256548764387,0.897690341414,0.0254783770946,0.0256501127743
188805.0,0.0294072120564,0.881977097695,0.0294784830932,0.0296735198765,0.0294636872792
188821.0,0.0292412037859,0.0297030777895,0.0295164598713,0.0288564340381,0.882682824515
188825.0,0.0205421893371,0.020739334676,0.0204525518181,0.0201503974873,0.918115526682
188831.0,0.0340200499877,0.0340828316862,0.034278628356,0.0336219287582,0.863996561212
188836.0,0.018637767922,0.0183787450276,0.92613914125,0.0183972915714,0.0184470542288
188841.0,0.033875754568,0.0340278098482,0.863256183728,0.0345961171996,0.034244134656
188847.0,0.0686529909106,0.0681516247616,0.0683613703267,0.0678671047024,0.726966909299
188853.0,0.0226823235031,0.0226357491391,0.0225428402209,0.0223703592339,0.909768727903
188857.0,0.0291721389014,0.0290664218426,0.0293376613923,0.0287825112083,0.883641266655
188866.0,0.0506304684647,0.0515405861571,0.0516337697349,0.0502014520472,0.795993723596
188867.0,0.0225738804512,0.0229602686576,0.022924228557,0.0224856529462,0.909055969388
